-MWvOk5Ge6eV0ayub45k
(0.679081575759315,0.02649395788647388,0)
(0.6796998106983837,0.04024171913544372,0.022299480471309904)
(0.680697058997562,0.058941990597328436,0.05545606870202992)
(0.6792343559068756,0.07491424966752794,0.09615265089578932)
(0.6723293005393056,0.09354630546882642,0.13866970135022766)
(0.6629600932709118,0.11096450103204455,0.18037031371320547)
(0.6503567906400232,0.11834229257573803,0.22337634063334313)
(0.6327997710842431,0.12031292920103845,0.2585300274292186)
(0.6144429370550101,0.11952641588436598,0.28434634004222326)
(0.5973168481988441,0.11224883211415657,0.303584175307687)
(0.5729342238047807,0.11447123635212753,0.3126994002318543)
(0.5488365196995691,0.11346847192946805,0.317870339291039)
(0.5370724210767482,0.10001590964108363,0.3236656730056448)
(0.5112451849155673,0.06869013331361504,0.3302181869637288)
(0.48040258557808924,0.02531711967433417,0.32722951420181035)
(0.45384221007230685,-0.009479224702190002,0.3010778910355205)
(0.4451582142440363,-0.04131215118111117,0.251629838608979)
(0.4421200351420593,-0.07159653341713051,0.18567813137226435)
(0.4493072146557408,-0.10268022058083415,0.11507758651581627)
(0.46574806954183534,-0.1298906262978761,0.05359558546475242)
(0.4836113345307263,-0.15141306658307108,0.004467006168378404)
(0.512775944662409,-0.1699084696152759,-0.02476642557560156)
(0.5446276677638089,-0.1761163622545084,-0.04189206196446001)
(0.5877027964559816,-0.15879678451669552,-0.05064822309801317)
(0.6185769744864807,-0.14059667910513585,-0.06009731706687779)
(0.6488034157821614,-0.12122206793660956,-0.0509960817573937)
(0.6729635353665966,-0.10191864089288233,-0.02509820974913521)
(0.6892941710928941,-0.0751647382527243,0.00914928805914235)
(0.7001984961055454,-0.047261906398025536,0.04263574522619887)
(0.7091395353647847,-0.033101836799379634,0.05670673768096411)
(0.7077644849640669,-0.015016633413820944,0.0803636758012885)
-MWvOmUiFwJKVzoA0Au-
(0.6669129499841331,0.05300218695566697,3.469446951953614e-18)
(0.6672118352089919,0.056711046246236144,0.014267997366167632)
(0.6701261763528422,0.05915233227185979,0.028569184667455616)
(0.6697508202708841,0.06833246535329673,0.048235155741502764)
(0.6666025485535249,0.08314399066780488,0.07688164559727645)
(0.6620859492941774,0.09978810067797161,0.1156786496110715)
(0.6562288126452797,0.11718172161157861,0.15788210072343362)
(0.643858446479137,0.1332052742937656,0.1952864685673511)
(0.6315767814774378,0.135069576261616,0.2279338670160186)
(0.6158011196352445,0.13039490663897407,0.2526856939257805)
(0.5946432281321539,0.1318109115813886,0.2677461152406093)
(0.577400769517277,0.12451511560084645,0.2752425720187683)
(0.5545233739518585,0.1127911820661756,0.2835064903758422)
(0.5373943972188522,0.08874097468465587,0.2919107449088037)
(0.5170947884194849,0.05868909679320838,0.3016198471254107)
(0.49197262088527827,0.02316589554851212,0.3027510740708119)
(0.46573043086926136,-0.015268977991633122,0.28629402035835333)
(0.444065564076839,-0.04863590103784805,0.24482676931732095)
(0.43173700946924043,-0.07257501040693518,0.17620865444175463)
(0.4394502236427683,-0.09700138096792307,0.09641135940852098)
(0.46311165452560316,-0.11843674195885681,0.023550002653441503)
(0.4983973222748518,-0.13841439763739613,-0.03688685847128242)
(0.5406187663489792,-0.1494394364302551,-0.08346766899447695)
(0.5741959624482531,-0.14757765065567877,-0.11617598766070081)
(0.615815046940134,-0.13946707154756888,-0.12689821124146194)
(0.6533782646253322,-0.12116872288844609,-0.11669899081666503)
(0.6817676803422714,-0.10133226565684497,-0.09301456834504199)
(0.7028153788752467,-0.07228518618811856,-0.05614060235839029)
(0.7118280434762567,-0.04240604903069106,-0.011190190011786727)
(0.7150619560127482,-0.011207022029334065,0.03789055443955492)
(0.7225834944797392,0.025596847100412667,0.07578166316356294)
(0.7182983146516223,0.05006563218959441,0.1134202662572972)
-MWvOsLmfpQ05WnmOQAt
(0.6859830854161917,0.042768193867702975,3.0357660829594124e-18)
(0.6884746129070592,0.06053028758500691,0.01725585456389027)
(0.6960929579578045,0.07372161824661605,0.04644844182850936)
(0.6987735267971463,0.0945789925095855,0.08217962708623004)
(0.6943824411939857,0.12114446685898053,0.11946136037012577)
(0.6829354725592767,0.14201218638281626,0.15894573304472048)
(0.669059076861449,0.15726337107959748,0.19636102281787485)
(0.6515088556347868,0.1698250106584504,0.23264371878457094)
(0.6327017882461707,0.17427144157368515,0.26630341970808835)
(0.6178149933831512,0.16539740554007248,0.2945033238737956)
(0.5931859663985877,0.16044703212013584,0.31045425299666113)
(0.5647656192768539,0.16504783583842306,0.31291344638517066)
(0.5388154001806679,0.15728734999107563,0.31022572722146896)
(0.513826194920994,0.14518500815296786,0.30351197414265735)
(0.49748675921427493,0.11245774875294057,0.2848619820883978)
(0.47803228498601935,0.08519225454012552,0.2550703354803347)
(0.46314754010093917,0.06132365599960749,0.21726463416022712)
(0.457742997154651,0.025852868706705254,0.17041249885685686)
(0.44942512372777704,-0.0031285694632746794,0.11987633727934599)
(0.45329394093328845,-0.03623018327206833,0.06867536904490645)
(0.46863655887347067,-0.07333507102108806,0.01882124939641372)
(0.49485398412722253,-0.10098314818742951,-0.0274704624067725)
(0.527351555242329,-0.11698084844347288,-0.06141501790741455)
(0.5620907793978643,-0.11562481850774345,-0.07981763860591247)
(0.6009630769645803,-0.10282020422385969,-0.08229800468265774)
(0.6348908706871835,-0.0761588785695054,-0.06599478967454152)
(0.6665988776225589,-0.04398443484896921,-0.03557452890788022)
(0.6877687976978176,-0.013851884902315838,0.0035970285484506455)
(0.6981077305653433,0.014519938850807025,0.04644473597182318)
(0.6997197794810702,0.05623376980175773,0.09169159047785437)
(0.6976955871736127,0.08340396235425634,0.12619353321353438)
-MWvOtp_pt7d35WP0oAS
(0.6537389975906397,0.018504780826302483,1.3877787807814457e-17)
(0.6489368981244213,0.009257913613287927,0.0012412685966520093)
(0.6524954288388143,0.013291506332671399,0.013161496479708892)
(0.66324731078177,0.026036899862442342,0.03181372923254189)
(0.6620495623700016,0.04080711711470389,0.059811829375388675)
(0.6641511344963609,0.054908948597333904,0.09368462442646754)
(0.6558072435093858,0.07638063069243244,0.1311609293377093)
(0.6412778967778195,0.09106894459605579,0.1692734446598037)
(0.619529047034894,0.09950320595384776,0.20205005029743323)
(0.5989614219124654,0.10058980301939385,0.23277224490865578)
(0.5731773724495812,0.09891155032159768,0.2527386265523816)
(0.5481368782820246,0.09013999117666328,0.2576204361188126)
(0.5229386679615422,0.07517445717024795,0.2509979292205309)
(0.4907177084579687,0.05404472135571226,0.22532367719398505)
(0.45834293934352655,0.03797730036869707,0.18698872994673277)
(0.445124236316764,0.009814225377316306,0.1326134400352386)
(0.4426901450193654,-0.031732598875402224,0.06741813624409562)
(0.4529626431494804,-0.0736988458563978,-0.014658549045677705)
(0.4755434004490896,-0.0945473610070692,-0.09868200553967797)
(0.5115486275237879,-0.10763876740021061,-0.15163561855921137)
(0.5506708249225662,-0.09989795382028632,-0.18079059109724208)
(0.5909544046590072,-0.08345605473907268,-0.1905893155963999)
(0.6246726688470173,-0.06672572621913478,-0.18462085908049197)
(0.6548723228201928,-0.03633535469225512,-0.1602410037332337)
(0.6733234601336608,-0.00303966326000972,-0.1222020694841243)
(0.6853103474447659,0.009602419249301608,-0.07236307228658317)
(0.69485050693486,0.027804652583726885,-0.021746506156636126)
(0.6774770764137662,0.0334348540301844,0.023412788905414858)
(0.6605218808238429,0.04139751580172332,0.05819448133145297)
(0.6601602954481374,0.04967684561388776,0.07590313691317137)
-MWvOvExVE4S_wdXhcyo
(0.6665227443620982,0.04625593386553098,0)
(0.6688034068036003,0.05240975608013421,0.012846745890568015)
(0.6676894747847404,0.05801387771390541,0.04164079639517686)
(0.6657643181493788,0.06337988954522177,0.08162458285194997)
(0.6580830552134581,0.07905915553628734,0.12220405395170963)
(0.6405723775344871,0.09361601494103303,0.1587753702783436)
(0.6157253507130764,0.09937460778730968,0.192495449325115)
(0.5892207580431311,0.09880165143903248,0.22009115206599766)
(0.5651466907308486,0.08349896195612375,0.23382211254512503)
(0.5281091099689753,0.07333921619873691,0.22983148814887755)
(0.4921342178838541,0.05838971692518932,0.21288257130248878)
(0.45733009677641107,0.046285936802672206,0.1834397553202763)
(0.4370775076760826,0.03180458076223811,0.14465044150508977)
(0.4301133382988304,0.020057027955916705,0.098638986138374)
(0.4297856627632037,-0.0003932526593902197,0.04632648848672247)
(0.4348682784389772,-0.0142592426351668,-0.007354892082517064)
(0.44877922379666774,-0.027042123925852108,-0.050638064415308603)
(0.4636295175532056,-0.04189859289795984,-0.08644538143556231)
(0.4840773297554865,-0.06539495854010846,-0.10720398055729441)
(0.5082527050540502,-0.08428351052578394,-0.12006746151149032)
(0.5343530603571015,-0.08993260750931137,-0.13095078582865274)
(0.5643372135722746,-0.09108958918272562,-0.13388863189515793)
(0.592652745169933,-0.09262361012260592,-0.12850996482866645)
(0.6159981011713647,-0.08211953875244973,-0.11182069716677538)
(0.6368334997488727,-0.06254022564182503,-0.08696463789455405)
(0.6544958015583844,-0.03910418700579504,-0.06135021449930184)
(0.6686812023196385,-0.017037173755267775,-0.027918049089675954)
(0.6768934827827581,-0.003729309601972569,0.0020636274197316368)
(0.6769302376657718,0.018390319924383114,0.03470487263260508)
(0.6738210305595848,0.04104105821285675,0.06692474487200734)
(0.6649768323837679,0.04290296160695109,0.08907798405087007)
-MWvOwOmjEWYYMM3P0wd
(0.5172987456736957,0.02699648262626244,1.3877787807814457e-17)
(0.5285688974990571,0.02304510764376655,0.01255595864530537)
(0.5491289983405881,0.026068896567952513,0.01921167105876352)
(0.5666946606977764,0.019574376305237666,0.024356272696399436)
(0.5827132962664877,0.01830928874522955,0.034030539310843114)
(0.5963183691790669,0.02267935053607987,0.05467162307699103)
(0.6041715853316427,0.029388997378270762,0.0871256431549947)
(0.60374219196403,0.048538754620859055,0.1230312011484791)
(0.592420935053729,0.0735538738972534,0.1599098042108072)
(0.5718101110160423,0.09652289148217669,0.19963360611379566)
(0.5453615507420388,0.10599875730724406,0.23677289421543418)
(0.5129385911687537,0.10747151705495256,0.26577204550923383)
(0.4859887651574048,0.09722290085284199,0.2735963620566987)
(0.4516789361665675,0.0841754484702607,0.26332796767517525)
(0.4295914510831312,0.06590921990685718,0.24611954956067952)
(0.4054429429831593,0.04928831603428837,0.22112159664591402)
(0.3826478395291818,0.019667631982579217,0.18243988221224364)
(0.3666539648930993,-0.008419851927551885,0.12336988320651383)
(0.3752101718536146,-0.043991506916463065,0.056352280865451035)
(0.3994567253119731,-0.07896152686720638,-0.013070134088746521)
(0.4311089210352364,-0.08499581945039177,-0.06765512258071835)
(0.47204591536439666,-0.09243539355425222,-0.0957573752500429)
(0.5193915030219476,-0.08624525327180207,-0.10662330558811203)
(0.5693683331964812,-0.07726747356801361,-0.10291385497136445)
(0.6101010152142775,-0.06363253809742495,-0.0879219673603954)
(0.6387589519634637,-0.030910906895559618,-0.054830494656430584)
(0.6568767431353498,-0.0029247017716552207,-0.010935365261524353)
(0.6564016863929245,0.012901475230359394,0.036646226219636556)
(0.6504263811752325,0.02926484312416261,0.0749003323210806)
(0.6484564328716992,0.050510340698169565,0.09660223464204501)
(0.6395382292222481,0.05537293877952214,0.1059145480699879)
-MWvOxfT1X6ONEE92DS9
(0.6517709850066485,-0.01565468603984567,-1.3877787807814457e-17)
(0.6587568251243229,-0.025005380871055645,-0.0035868366122520784)
(0.6634335127614537,-0.03695435867286141,-0.016036625957420586)
(0.6577383781514199,-0.04597696415527698,-0.03917614763537141)
(0.6584570949298445,-0.07737523185156515,-0.06263818778265351)
(0.6498444857190494,-0.10646735278749174,-0.08307134068875893)
(0.6334996109016534,-0.1252602071238456,-0.1058701101989245)
(0.6102065379193339,-0.13073477955305335,-0.1319772530790876)
(0.5879856244066841,-0.13727705264666848,-0.16122946158166013)
(0.5652307248900542,-0.15211412464217317,-0.17425424242286752)
(0.5373181824512638,-0.1617506700841607,-0.16743631634404588)
(0.5076086321359605,-0.16756310182122486,-0.13851969832838812)
(0.47970232695314846,-0.1579716923812829,-0.09725160237482754)
(0.45071137551265333,-0.13577687770807445,-0.046543017104359)
(0.4311052219960033,-0.11560470867803105,0.009229559743478943)
(0.4273563629552917,-0.08438205708957902,0.056938402459960194)
(0.4393152572703063,-0.05235326241891495,0.10224119226810974)
(0.46364763498142847,-0.0221154306007591,0.13853090424594067)
(0.49613728731025447,0.007618356765553044,0.1622000355267686)
(0.5305547530103373,0.03366848158464916,0.1736791351263246)
(0.56694040747179,0.04780304805907856,0.17347243113803973)
(0.6001562054671309,0.05836175335004526,0.15725036346407223)
(0.6237423745643924,0.0668036001484928,0.1341393174534232)
(0.6441419288895572,0.0654824614006851,0.10743421876551859)
(0.6563741756257815,0.05623301637362922,0.07768021105958553)
(0.6665902549430466,0.0437259808693502,0.04565715774560711)
(0.6762916921586493,0.03247754030805759,0.014296080023310467)
(0.679478663987203,0.019406462114569895,-0.013752588760992723)
(0.6748580320281466,0.009394292427774883,-0.0397584131107067)
(0.667743659737726,-0.0007829929285008003,-0.0690393119198876)
-MWvOyrr-MA0TkBp64_q
(0.6797554838099067,0.03243068658858171,6.938893903907228e-18)
(0.68063940208274,0.03837855014278195,0.009799778746464934)
(0.6870315366710764,0.05221391154725502,0.03003417291160452)
(0.6877746581458524,0.07356559448118186,0.05732337903289937)
(0.684341737816432,0.09372603516236949,0.09009825594780463)
(0.6762934168179733,0.110523602761207,0.12804136629518673)
(0.6683211837469404,0.12725270189977372,0.16507947630402692)
(0.6500382122487329,0.142276240965043,0.19785285926420162)
(0.6271198271142888,0.15255342086111773,0.2276869312003993)
(0.6013772482303453,0.16078064672954268,0.2552695682059357)
(0.5714425983193796,0.15898084804458112,0.27637004208918153)
(0.543834814799513,0.15196992418132527,0.28584860150332014)
(0.5222374352144965,0.1402695478474064,0.283602412745922)
(0.49501461225777726,0.12892865463880446,0.2708094909574293)
(0.47101873257242133,0.1001264653963449,0.2550704357868496)
(0.44210134450908223,0.06532912852741289,0.2328159026348809)
(0.41928273423923784,0.03313864644848498,0.1962733085566235)
(0.4023555098393557,0.00475956099511466,0.13803976258110823)
(0.40506216470130374,-0.029750259268841228,0.07337976895900208)
(0.4198018211646767,-0.06700622890442252,0.016033340784444496)
(0.45047758277579836,-0.09037858776205365,-0.04344878760560412)
(0.48880366453941154,-0.09939594239319323,-0.0930404575603911)
(0.5297639253440883,-0.09544777905732563,-0.12601616122000445)
(0.5685195358615621,-0.08679837257545113,-0.13773759600742558)
(0.6031645509581401,-0.07398156383898348,-0.1255218247015923)
(0.6305461945720232,-0.053279815692301224,-0.0993205098454267)
(0.6555950009686923,-0.030127441797157668,-0.059991579357369054)
(0.669320913078042,-0.01191856775178268,-0.014816438536834092)
(0.6732948283716921,0.017588576711771668,0.03420514226150859)
(0.6759279315419587,0.05153994043126603,0.06755470304843725)
(0.6705203013635239,0.06401631265444542,0.09566464065229222)
-MWvP-4uyM6_OgavjC5D
(0.6181082349756658,-0.004086664352312364,-1.3877787807814457e-17)
(0.6329095706800079,-0.007220776784840094,-0.0003078509564974491)
(0.6458231155895563,-0.01808644139304283,-0.008044661148219376)
(0.6553962547660743,-0.03441701717269373,-0.021625007299412746)
(0.6585006138129339,-0.048514861953193614,-0.04169710852436441)
(0.6595051646139594,-0.06782168589442791,-0.06640400718556642)
(0.6571665890116788,-0.08539443460556587,-0.09052741164635118)
(0.6468793932560419,-0.10278955264116656,-0.11583467821481994)
(0.6325077561579551,-0.10841549541416709,-0.13780242093069778)
(0.6166571922709809,-0.11483917729019812,-0.15871221081040773)
(0.598662252153532,-0.13506060758710137,-0.18506884576708169)
(0.5761348713390316,-0.15055436645363776,-0.19364834020478816)
(0.5411504894551609,-0.1761491306167808,-0.17487992719192663)
(0.4922738475523908,-0.1810824597061835,-0.13315079224693246)
(0.44138879246553403,-0.16839809362015473,-0.08070716088113011)
(0.3965869688671718,-0.14716034108322082,-0.013768320227047368)
(0.3624408072121009,-0.1200924992575047,0.05952700952541777)
(0.3573114554497107,-0.08620798196516322,0.12066964205042628)
(0.3812807595511248,-0.055336899323987644,0.16689463419891987)
(0.42422407288882613,-0.03419159633516773,0.19719415243230387)
(0.4789222008687696,-0.005793026732049428,0.21366256113836707)
(0.5299813026576091,0.02314438834766569,0.22104796912831914)
(0.5776074329950811,0.03883911657581959,0.2172542595626012)
(0.6154866174102849,0.049784478652844966,0.1996984335474681)
(0.6441641116980099,0.05442087373983735,0.17614958513451326)
(0.6641535581241849,0.052471062880147454,0.14528345184774785)
(0.6769883816588402,0.04662662157553335,0.10912432355837827)
(0.6841182036501477,0.041666014390134495,0.07358861682226239)
(0.6884854439757113,0.02968757114526445,0.040438933096457866)
(0.6905766795788679,0.014339441431665462,0.004966050432599692)
(0.6886887753556399,-0.001437523145342387,-0.02999211911959583)
(0.6924350754585583,0.0037232900897908455,-0.05505840244726743)
(0.685085791618569,-0.00943892703912308,-0.0842782414154939)
-MWvP0K5sJHohWasdj4C
(0.673252942104726,-0.0049308906558393276,0)
(0.676993304027899,0.00493804801939135,0.01339659649997929)
(0.6784386255545728,0.016715831097709938,0.034794490413386225)
(0.6800092715670055,0.03315523740837724,0.0646568120909044)
(0.6758961319426027,0.04838913034482524,0.10149181371596414)
(0.668034100639302,0.06751498362802925,0.13885701810045253)
(0.655463348736137,0.0834803703123801,0.17624126073222685)
(0.6420359311601926,0.0958838840665499,0.21419919893133293)
(0.6253588925108262,0.10102708879032307,0.24982364961365894)
(0.6005391343569038,0.11195444708856862,0.2784860775027627)
(0.563303470059608,0.11996668406014825,0.29725628217114153)
(0.5273278037649409,0.11299753808609603,0.30242052044866347)
(0.4979449622568421,0.10108881559118081,0.29347380555949565)
(0.47110031962390636,0.08161048474133473,0.27286155619951913)
(0.45133573922271114,0.05579569733492325,0.23734513179108102)
(0.4349919470637937,0.03644028906298479,0.18452257508666176)
(0.4347375760266419,0.01837655509838465,0.1250952742892717)
(0.4494024918552533,-0.006634053376490541,0.06427173988524582)
(0.4720702638244296,-0.03597638160593275,0.0030389006324670342)
(0.5043077241740476,-0.05446014167693862,-0.04615163936116274)
(0.539404344975098,-0.06811039102350179,-0.07835030220249023)
(0.5753617960590804,-0.06727956547004926,-0.09475337633431441)
(0.6096214767861122,-0.05894429442225084,-0.09632180001799177)
(0.6354252217110322,-0.04684752267542466,-0.08666811453491854)
(0.6505461733999764,-0.04326502883070122,-0.07667735049092389)
(0.6712642981420396,-0.034822332430154,-0.04944518705849833)
(0.6905582077350405,-0.02821201157717411,-0.01354468442346033)
(0.700184079795801,-0.014389944713411679,0.0253646537082374)
(0.6987977609847705,0.006784528195006689,0.059365799135782105)
(0.7007845864867721,0.01679741520718038,0.07767970216044985)
-MWvP67JovQgfJgP-bzz
(-0.7074775074128663,-3.469446951953614e-18,0.02590091908470952)
(-0.7064726813419674,-0.01709711851943828,0.011770472350347496)
(-0.7091046476617268,-0.033036703028044685,-0.011512443856322939)
(-0.7072174914934657,-0.054890278209365435,-0.04106609322227489)
(-0.6994036164083995,-0.07824271282198746,-0.07943000092020185)
(-0.6875139705298547,-0.10410463957430356,-0.12093572358829767)
(-0.6680786343614997,-0.12508593000870247,-0.161896313703588)
(-0.6465398950657528,-0.13663536707877508,-0.2003144702264792)
(-0.6209098865027078,-0.142953071795083,-0.23626644425165455)
(-0.5991837136688076,-0.14253453302908983,-0.2656020457543832)
(-0.5768650026429212,-0.13427573695224929,-0.2889596540874506)
(-0.556443895661637,-0.11831149311915339,-0.300102304121645)
(-0.5333674797396408,-0.09893326819207021,-0.28998825227664843)
(-0.505996896139938,-0.07840909938800653,-0.26449535378961536)
(-0.4808444237422929,-0.04780524166377881,-0.23891871992046831)
(-0.45639423897939146,-0.01916903974824904,-0.20514398603772763)
(-0.4479178026901541,0.016684288736884524,-0.1580963465641645)
(-0.44778411224603853,0.04708808243544238,-0.10559196255094713)
(-0.448286250755209,0.07682383866165657,-0.04374868448173628)
(-0.4625166006771853,0.10329603625281118,0.017067220711627223)
(-0.49007061637254984,0.12631925999262625,0.07006767402378668)
(-0.5235632557282927,0.15005205642921307,0.10748417192273771)
(-0.5621385609515624,0.15704323860581623,0.13051819707640547)
(-0.599529284711083,0.14999722095986207,0.14309562682687393)
(-0.6280020799952906,0.14193857749316807,0.149939666321983)
(-0.6529161687390002,0.13544550245536113,0.14672597920056146)
(-0.6802059788266775,0.1324321015550047,0.13326275510932556)
(-0.7028187434885201,0.12525889080762712,0.11293639276022496)
(-0.7220968517729349,0.11114458158322846,0.09028767014744733)
(-0.735796920086824,0.09218933281170558,0.0710847702405093)
(-0.7473334624427128,0.0727726776563423,0.044850537565698095)
(-0.7584563839164816,0.05190292945307334,0.011859432267904825)
(-0.7662132844161983,0.02928397781727038,-0.02096989270324491)
(-0.7707324229565148,0.012309697223892885,-0.04397924924283021)
-MWvRLCzBUcURRYG-uf2
(0.6812889823007454,0.003568393109048801,0)
(0.6813901872875564,0.013991590361302264,0.01562599160985173)
(0.6846482800420236,0.02316942467227387,0.040777190692756315)
(0.6849020500597913,0.037692620344377814,0.07063289725057567)
(0.6809965600123077,0.054872543949781444,0.10628695495950535)
(0.6738393752111006,0.08020033792800194,0.1458974614581815)
(0.6593244987372522,0.0969258873789294,0.18813916335455153)
(0.6432279440828237,0.111203103250474,0.2329489164510839)
(0.6248401659209047,0.11924395690803699,0.27673412858020285)
(0.604268405529289,0.1212910692829113,0.31486081220174167)
(0.5753996401035143,0.12069237331637303,0.3441083544344456)
(0.5503411188345911,0.11241175123400174,0.36408021166500115)
(0.5243366507997685,0.09412038760788874,0.3714634228417717)
(0.5028098244560039,0.07452008930273762,0.3639735331517993)
(0.482799859785155,0.05187162435326498,0.345053413977626)
(0.4609538923883028,0.03138792652640679,0.30943387243605247)
(0.4452807272695414,0.015533604778590532,0.2612236904102502)
(0.43548266360964366,-0.004858084746255986,0.2030626213412012)
(0.43122966142229446,-0.020455769179637262,0.13210809008783136)
(0.4451853403175011,-0.033749586701326884,0.0610756982361928)
(0.4674783867238457,-0.04262903704855872,-0.005223446094061612)
(0.5005308405384318,-0.05006008128251713,-0.06326983105495304)
(0.5397022298624399,-0.057841424209693695,-0.10200665937761844)
(0.5747857226808599,-0.05271367156715083,-0.1255787658127682)
(0.6046549898264872,-0.047924102131123025,-0.13316797826977045)
(0.6325886701304739,-0.04354774728225244,-0.12799411368012742)
(0.6561809425487247,-0.03863321505833067,-0.11238990623977642)
(0.6766431069399278,-0.025760213029268952,-0.08394239466092021)
(0.6894645691130614,-0.010631756406097703,-0.049075233078961056)
(0.701354818942053,-0.0004942626841897002,-0.011108895999908136)
(0.7061447853594047,0.011127085972946565,0.02699516199017518)
(0.7117021029665483,0.03529150800787206,0.06230897845840211)
(0.7091796240023818,0.05539239658085057,0.08560043167370965)
-MWvRMSjDF_Zo3nhquht
(0.6482770325065507,-0.002616065868563694,-5.551115123125783e-17)
(0.6490068524490089,0.006201849884394123,0.008457893728594124)
(0.6530728189625158,0.016236687454596693,0.019865674360283192)
(0.6573761710307946,0.031105126692468427,0.0403638920774671)
(0.6568436060614143,0.04471004009132373,0.06964768439969238)
(0.6502249064058323,0.056499989167649894,0.09995448773479684)
(0.6388401566588561,0.06244008737910278,0.13144250234898142)
(0.6244693204347731,0.06915497071018134,0.16100797079835863)
(0.6092262898105762,0.07170404709959505,0.18728586982845227)
(0.5851575495651684,0.07423195359736509,0.2079936556481233)
(0.5658198036781227,0.06521326753822076,0.22158506541658854)
(0.5441621406398901,0.05684751064625834,0.22575046794486706)
(0.522683763050739,0.050893431167855774,0.21963182402451648)
(0.5032235915980382,0.044924496047847345,0.21376845400255085)
(0.4872045936773868,0.02254759199346651,0.20979362914191457)
(0.4699267725230424,0.0028220565525079733,0.1918296415766128)
(0.4572565368042009,-0.007516331692058148,0.15598194985470443)
(0.45191871969311564,-0.0163662767412239,0.1090123638373433)
(0.45610056984109903,-0.03263292679328597,0.06376453027265477)
(0.47272662946324506,-0.053242481827282806,0.024382430006986255)
(0.49023974643366264,-0.06321049405891466,-0.013640053400425622)
(0.5098052655029843,-0.07079664796210924,-0.0479609852284823)
(0.5359439096444413,-0.07925628189709635,-0.07191368362027206)
(0.5622937164972721,-0.08580320386381679,-0.08004871030951413)
(0.5842169418811963,-0.08392779596169042,-0.07671107501366647)
(0.6091162666786933,-0.07373359031146481,-0.06671088605928682)
(0.6327777822582379,-0.05964318529496218,-0.052999503562805805)
(0.6495527158377821,-0.04303129745617901,-0.03390640791618671)
(0.660171719070888,-0.024922555176945943,-0.00606692288290861)
(0.6641795390383635,-0.011397568986326073,0.025156463786337735)
(0.6635845821591496,0.010596427306652917,0.05357308871448757)
(0.6542997417769167,0.02352503410805004,0.06995029703476693)
-MWvRNate-DBprkK8fMl
(0.6232035738573893,0.017019633276903534,5.551115123125783e-17)
(0.6248279572471871,0.02773858729759035,0.00994048838118039)
(0.6315574437396821,0.038659017849864225,0.030321079851197252)
(0.6339424004496066,0.04893050083830475,0.05769008234746609)
(0.6268451578536396,0.06321673770376199,0.08436262115887494)
(0.6159513260966891,0.07049410343739712,0.10982629145650108)
(0.5984235946646103,0.07503957959816832,0.13460946771685484)
(0.577380770340259,0.08159499095177136,0.15196372340588477)
(0.5539316376256722,0.08221469295323489,0.15861999024191759)
(0.5275261793111599,0.07577974923128719,0.1585932785503421)
(0.503158315600211,0.06227403613594773,0.15366469040028347)
(0.4846966789626044,0.044607546931867637,0.14663762512701045)
(0.4737622154195076,0.02080537900619936,0.13455646028000956)
(0.4620941020742815,0.00298794732298599,0.11288917342409133)
(0.4515691775792736,-0.006537512224220915,0.08408903257019423)
(0.4436563977539798,-0.021011488146304463,0.05199325498784696)
(0.43870038696317304,-0.03487027552812666,0.015236905951285573)
(0.4441590915882422,-0.04774173699847098,-0.025065278789817846)
(0.45709985811176673,-0.05502384901825905,-0.06369865278714093)
(0.4767771762806658,-0.06043510026849708,-0.092682464178661)
(0.5039102420640791,-0.05863525151071444,-0.10939450061156927)
(0.5347416369354729,-0.05487057019829844,-0.11592280439517161)
(0.5626839155754361,-0.04863577805936872,-0.11125606212064257)
(0.5897381086255754,-0.03898881640352961,-0.09554789109977668)
(0.6109859425630261,-0.021671435451617233,-0.07812330794566111)
(0.6265486752976235,-0.006420469115162725,-0.06258926619095478)
(0.6411787354030868,0.007340900145356016,-0.036744543307559635)
(0.6477385916775558,0.008803177782127414,-0.010420699498985386)
(0.6477373944984366,0.015556238555254481,0.017466227619346908)
-MWvRPNJnc7f1raA5HjC
(0.6422842379710791,-0.017403358868843366,0)
(0.6490514276303534,-0.023430900401530147,-0.00519732160623243)
(0.6566718988764892,-0.03586106660811253,-0.02069288578677908)
(0.6585712388324838,-0.04769658780610175,-0.04206210722948395)
(0.6531494862778323,-0.06417284064993717,-0.06123499445935662)
(0.6413136370474194,-0.08502776441242416,-0.07855687650964313)
(0.62575010484059,-0.10142584796896437,-0.0949169209238267)
(0.6080627614483001,-0.11944880703964285,-0.11499689778522346)
(0.5852284934976211,-0.13443700250156715,-0.12662926768098515)
(0.5566845208264556,-0.14363522383427735,-0.11557104983347616)
(0.5245797056115594,-0.13316757975228224,-0.09293558988930434)
(0.49017286541910593,-0.12458243688515998,-0.056843863809570294)
(0.4677249754275722,-0.11826910999350591,-0.007918339975335309)
(0.4577302381142903,-0.1037454109593641,0.04270152312610115)
(0.46157827693855,-0.0886344893432555,0.0906177131839771)
(0.47388569773971867,-0.0663131512778559,0.12839260822616433)
(0.49530691609677246,-0.048199387552062656,0.154891354646304)
(0.5217871029832007,-0.03219828723761767,0.16482886123579782)
(0.549134677572524,-0.01836570269630894,0.16441066979248997)
(0.5750769365059467,-0.009292152357249256,0.1607750316373565)
(0.6067400007840124,-0.008860811693412962,0.14839250722149105)
(0.6297109982962971,-0.009067267242629184,0.13032285137984867)
(0.647151101540343,-0.013569241169576973,0.10391493201578056)
(0.6607468185265617,-0.01695072354425775,0.07435144974143382)
(0.6694848631685213,-0.02032137913183696,0.04370954372206498)
(0.6746824625715021,-0.02668180370106818,0.011083742812544706)
(0.6794880315619776,-0.0343214160990401,-0.022178933299388193)
(0.6788931980680593,-0.044927609412054426,-0.05117975858589524)
-MWvRStctMLzezD6rivl
(0.592905927360251,0.021229397530378752,5.551115123125783e-17)
(0.6118207063596747,0.02517635874265775,0.024763634561564773)
(0.6174356383998995,0.040349198309580586,0.06162534164360034)
(0.6176530145608612,0.05954029059007221,0.10355633522409402)
(0.6089320847232537,0.06878183217497433,0.14792127141018196)
(0.5936394192610727,0.07896373364755532,0.19244364577925005)
(0.5793619395526104,0.07457298223669695,0.2308128395450963)
(0.559026462746739,0.07110978083707173,0.2580184608110057)
(0.5326628571805282,0.06156823328065392,0.2720479204052836)
(0.5090822202903887,0.03549458959004975,0.28027264325664425)
(0.4865509032910625,0.007076454682011957,0.28070049527390944)
(0.45922205359147383,-0.022000528605241196,0.2691104310754088)
(0.4345278876200526,-0.047743101215809616,0.23935862504518154)
(0.42375292815543414,-0.07046487612947201,0.19296771862735268)
(0.4235318581291996,-0.0825292368430269,0.12698470129791828)
(0.4333798331385965,-0.09387393679805697,0.06125780393765201)
(0.4550927332224614,-0.10715609775650624,0.008432396900890538)
(0.4880290801327305,-0.12276626402116478,-0.034434249104515285)
(0.5342685587316988,-0.12235369924578243,-0.0647728302650839)
(0.5784431507832963,-0.10684474260412279,-0.08573178638750331)
(0.6191253501192608,-0.0880859115330259,-0.09326789807636168)
(0.6503925194147931,-0.06022315453562163,-0.08031532950131268)
(0.6700230510370478,-0.023557372788981346,-0.04750080110474897)
(0.6849729504344314,0.0044459829063909495,-0.00639743091905956)
(0.6899832342018143,0.03418094462529056,0.029022010934502157)
(0.6922967068774922,0.04945085926666959,0.05147436759084881)
-MWvRU4fKwWGdUpO_WyU
(0.6570591041306367,0.03558351737389956,2.7755575615628914e-17)
(0.6642551936568132,0.042134185826492615,0.012558654751942705)
(0.6688431563923626,0.05217152068484135,0.028961221660817826)
(0.6761559436831325,0.06289302168344932,0.050050625447332076)
(0.6752848983921632,0.07411054636957806,0.07594113920383616)
(0.6715753539387203,0.08752610423985449,0.09983259162084238)
(0.6667161583554794,0.10160977353113787,0.12348014728019147)
(0.6567874678663317,0.10949597669967448,0.14720322030893282)
(0.6444346211388071,0.11278881904037927,0.1673213599563826)
(0.6318518631397858,0.11353930224951847,0.1843841740487371)
(0.6205782389359322,0.10017251384197079,0.19538194565317263)
(0.60501898001556,0.08791936771935122,0.1976731464686828)
(0.5946881254732922,0.07270588011574869,0.19557151594437772)
(0.5797257254263465,0.05473446371568852,0.19223602550312494)
(0.5651924234293506,0.033213548767047796,0.18052730508547468)
(0.5545511386728467,0.00883781725606203,0.16013107255626274)
(0.5468675378180224,-0.009993079729511023,0.13226727304062244)
(0.5447224359103512,-0.0269837607151191,0.0986679804040661)
(0.5500597023132721,-0.04275595350724981,0.0628413278887821)
(0.5596394310182268,-0.05487281857752618,0.02747771555782763)
(0.5772459436539249,-0.06134357306536509,-0.008925479150126758)
(0.599614174151666,-0.06474067139712475,-0.038948310034410905)
(0.6192014476754526,-0.062217129072589306,-0.06194844216042597)
(0.6395370109761573,-0.05454144663812613,-0.07124695563114303)
(0.6581272570491233,-0.041017496160811046,-0.06835226159677293)
(0.6742945375194344,-0.03012779319276271,-0.055756562500618334)
(0.6864753982993055,-0.016688134568048407,-0.042083800429201124)
(0.6991552913562772,0.002509002622793882,-0.0225796382485699)
(0.7090178894684451,0.02577721655715262,0.0037434179264199674)
(0.7104234008212413,0.03980377783047401,0.03324694984549717)
(0.7131784767311536,0.0549710414795036,0.06680271290001535)
(0.704998604928857,0.08073246568007603,0.09884962766996364)
-MWvRVcXSV884qmxSX0s
(0.6386297393809552,-0.003284370638433093,0)
(0.6460251283162095,-0.01486091571142506,-0.007180106230564032)
(0.6527808449331131,-0.021559488055119064,-0.019364513564038177)
(0.6567249884674149,-0.027976504428553983,-0.03956298967735902)
(0.6557884316103254,-0.03461271254540349,-0.0540757526244188)
(0.653196696604186,-0.04544492816538745,-0.06803928656113661)
(0.6466285960779904,-0.06093984762842711,-0.08110159662519792)
(0.6383155539779181,-0.07628334812500534,-0.09220064449539805)
(0.625417961257788,-0.08234959583368742,-0.10376607696389178)
(0.6107678433645513,-0.08516549447307467,-0.11308263185231443)
(0.5927218325154624,-0.07927681496201355,-0.12138854803876697)
(0.5735532088006912,-0.07552778790798126,-0.12095998033171146)
(0.5547133713398898,-0.07308197620491352,-0.11446406813024251)
(0.5382872533802072,-0.06512777440639911,-0.11151871086251314)
(0.5280787044680999,-0.0557935628659752,-0.1018429414005417)
(0.5172599036783284,-0.05117439656972411,-0.08088097086604495)
(0.5038806725633792,-0.046907345874763334,-0.05407026873610049)
(0.4990774695191848,-0.04534031026241192,-0.024086640178620777)
(0.4988536098553025,-0.035669217559398586,0.002826845684786583)
(0.5032829673333816,-0.028261857230843263,0.025378037024600286)
(0.5126010177681164,-0.01711795690431503,0.04524399157088954)
(0.5248862588301305,-0.0028909743313843272,0.06449137064803417)
(0.5397523505695432,0.009452572778448909,0.08360689639371999)
(0.5566481832868269,0.019974727035661666,0.09923531356694082)
(0.5763505442061418,0.02893621552419076,0.10879578806801965)
(0.5936354508373052,0.03477762720604674,0.11276256104129989)
(0.6129779797716413,0.03926826307616993,0.10860904991347187)
(0.6297429627935889,0.04186835301935307,0.09730754014325543)
(0.6456082188779324,0.037716747881173046,0.08540838875492235)
(0.6607316044099826,0.03263686634895474,0.07283199105084959)
(0.6730581785974851,0.031093120143486086,0.054622683995876775)
(0.6813168363399209,0.022957012553759204,0.02935583251420193)
(0.6834702674983737,0.006004172252298129,-9.014402982637781e-05)
(0.6833191657317442,-0.0018589788998853995,-0.026492436659637658)
(0.6847365648896488,-0.005147953662535093,-0.04722635228030356)
(0.6860495237449739,-0.016855057107333815,-0.060793773132507806)
(0.6849856226318501,-0.019481915388645632,-0.06993017872924653)
(0.6780767761838222,-0.025978349306593512,-0.08454305543123991)
-MWvRWuhSQ3-tQzw6OVg
(0.701366742380225,0.06557860660125917,-2.7755575615628914e-17)
(0.7055059187437169,0.07617288723613735,0.008250177150034677)
(0.7072408981309783,0.08637842840408,0.023132066495616804)
(0.7108184114832998,0.10430031505205462,0.04764133954481703)
(0.7129727021547713,0.12353944636090453,0.07941752119061174)
(0.7141791267564636,0.13718175732183566,0.11286795104245713)
(0.7102643567341728,0.1563812116259175,0.14815717367419928)
(0.7007067138362972,0.17805358229310653,0.18196160089400304)
(0.6853885563556181,0.20075391020010575,0.2179595874707017)
(0.668271128057255,0.21988684465013042,0.2548002139241422)
(0.6492807522065951,0.2356612765229364,0.2913023979028918)
(0.6219410182510825,0.25281651878455313,0.32359957500303066)
(0.6040453117736628,0.2604749716556055,0.34970119184387066)
(0.583458922739543,0.2650502512699253,0.3701535480657402)
(0.5633503480664274,0.26354963220076394,0.382080636841498)
(0.5481488530395792,0.2534904380289523,0.38592805009494074)
(0.53467949414011,0.23476799181611419,0.3876188599223494)
(0.5177492375979575,0.20808259837263487,0.38045444359265884)
(0.5011111368356567,0.18116495820211836,0.365564086207379)
(0.4861927622303308,0.15683115104312484,0.3435071462167978)
(0.47723848257273516,0.13273501264149096,0.3133650137877488)
(0.48052939727073807,0.108978114201197,0.2711701675027326)
(0.48676289912817666,0.08204988941858436,0.2176421511811541)
(0.503954106846047,0.06674362578107203,0.1586174540213389)
(0.5333135975083245,0.04654439683929874,0.10241389940125736)
(0.5657396103302368,0.031310314145764184,0.04555531913842317)
(0.5945110448531453,0.04680088991189599,-0.00961200074762783)
(0.6285720508956298,0.039388856984307094,-0.035206891861938386)
(0.6523197085229333,0.03728172091944679,-0.04843827320647118)
(0.675865967687662,0.05193523069715393,-0.04930074343826847)
(0.6948258754797931,0.06856534622638863,-0.0452718295196215)
(0.7092665029443558,0.0919941606739916,-0.032304122785215064)
(0.7197204572913329,0.11182690193354569,-0.014598977321656534)
(0.7248113386947435,0.125191720777923,0.012490448965989664)
(0.7301457326759103,0.12493098560714297,0.050461796053717645)
(0.7327741721437967,0.12067817287763333,0.09583743697159931)
(0.7227021013289205,0.13529634520173606,0.12246170343701615)
(0.7074408861361718,0.16073285287534342,0.14709755133219998)
(0.703806456056831,0.17037810054151714,0.16847021226883074)
(0.704703438304124,0.16078575880390564,0.18007490301589726)
-MWvRYFKG6HEv1tlTE3O
(0.6632971778639706,0.052391525215202406,5.551115123125783e-17)
(0.6737122470770999,0.056007493482695125,0.021814855611922757)
(0.6843630846423184,0.05812457316398434,0.04994554341826177)
(0.6933377783358096,0.06438649473042082,0.08107798818287595)
(0.6977106122776633,0.0888378405010613,0.1119514264943795)
(0.690743380182722,0.11559189692599231,0.14247006401916)
(0.6724062978392102,0.1430209201288538,0.1743698217550346)
(0.6527985287017228,0.15472548004668105,0.20296208124072027)
(0.6316700897360938,0.1514851527422672,0.23276909183846486)
(0.6032622651322502,0.14319907074442811,0.2595337058446123)
(0.5691339788037898,0.12477309736592951,0.2795999713049746)
(0.5436185695622371,0.0920228293683128,0.2919989792847172)
(0.525483333107297,0.053801256286763355,0.2929859954823014)
(0.5029889040087394,0.027141732575479083,0.26062030230451455)
(0.49761223924295855,0.002547239781065913,0.20205528799135516)
(0.49927990790176185,-0.02483512414706679,0.13218132350511463)
(0.5160096343462799,-0.04967420175043043,0.06333647556468197)
(0.5454418470965252,-0.06806672137784292,0.007138504753237018)
(0.5744522011058393,-0.07215427687504126,-0.03660081574168997)
(0.607414845231574,-0.06961381489264792,-0.06178830228165408)
(0.6432219658039633,-0.06445762079839126,-0.06921910446112142)
(0.6738456323218524,-0.04040831785389776,-0.05819826360263061)
(0.6961247327925429,-0.02216738138202151,-0.03881282691494298)
(0.7157542331342285,-0.0037741892341310312,-0.01014408367268485)
(0.7199651223394014,0.01751872547770572,0.026202333770746405)
(0.720378366435429,0.03381201661514105,0.06916549336261832)
(0.7161670167897548,0.041354398072999315,0.09495205036439441)
